[gd_scene load_steps=5 format=2]

[ext_resource path="res://Base/Menu/MainMenu.gd" type="Script" id=1]
[ext_resource path="res://Base/Actors/Player/Control/ManualPlayerSpawn.gd" type="Script" id=2]
[ext_resource path="res://Base/Menu/UI.tscn" type="PackedScene" id=3]





[sub_resource type="BoxShape" id=1]
extents = Vector3( 5.112, 1, 5.068 )

[node name="MainMenu" type="Spatial"]
script = ExtResource( 1 )

[node name="MenuCamera" type="InterpolatedCamera" parent="."]
transform = Transform( 0.949535, -0.214688, 0.228675, 0, 0.729053, 0.684458, -0.313661, -0.649917, 0.692261, 16.4117, 13.6842, 31.2675 )
keep_aspect = 0
fov = 83.5
enabled = true

[node name="CameraPositionEp1" type="Position3D" parent="."]
transform = Transform( 0.499985, 0.377605, -0.779378, 0, 0.899938, 0.436016, 0.866034, -0.218001, 0.449956, -29.55, 13.654, 10.767 )

[node name="CameraPositionMain" type="Position3D" parent="."]
transform = Transform( 0.949535, -0.0789053, 0.303574, 0, 0.967841, 0.251562, -0.313661, -0.238867, 0.918999, 16.5723, 21.8192, 31.7536 )

[node name="CameraPositionStarting" type="Position3D" parent="."]
transform = Transform( 0.949535, -0.214688, 0.228675, 0, 0.729053, 0.684458, -0.313661, -0.649917, 0.692261, 16.4117, 13.6842, 31.2675 )

[node name="UI" parent="." instance=ExtResource( 3 )]

[node name="ManualPlayerSpawn" type="Spatial" parent="."]
transform = Transform( 1, 0, 0, 0, 1, 0, 0, 0, 1, -5.30564, 16.1158, 51.7881 )
script = ExtResource( 2 )

[node name="StaticBody" type="StaticBody" parent="ManualPlayerSpawn"]

[node name="CollisionShape" type="CollisionShape" parent="ManualPlayerSpawn/StaticBody"]
transform = Transform( 1, 0, 0, 0, 1, 0, 0, 0, 1, 0, -3.03163, 0 )
shape = SubResource( 1 )

[node name="DirectionalLight" type="DirectionalLight" parent="."]
transform = Transform( -0.439385, -0.459539, -0.771858, -0.642788, -0.439385, 0.627507, -0.627507, 0.771858, -0.102327, 0, 30, 0 )
[connection signal="unsetup_menu" from="UI" to="." method="_on_UI_unsetup_menu"]
